0 0.2875 0.21015625 0.00859375 0.0140625
0 0.2875 0.2375 0.0109375 0.01484375
0 0.378125 0.159375 0.00703125 0.01484375
0 0.40859375 0.15625 0.00625 0.00859375
0 0.48359375 0.1953125 0.00859375 0.01484375
0 0.53359375 0.2171875 0.00703125 0.0171875
0 0.4 0.32109375 0.01640625 0.0265625
0 0.6875 0.26484375 0.0125 0.02109375
0 0.79609375 0.28984375 0.009375 0.02578125
0 0.84296875 0.26953125 0.01015625 0.0203125
0 0.57578125 0.58515625 0.01953125 0.040625
0 0.865625 0.4671875 0.0140625 0.028125
0 0.92421875 0.534375 0.0140625 0.04375
0 0.98046875 0.4421875 0.009375 0.028125