0 0.29296875 0.4171875 0.0171875 0.03125
0 0.275 0.4828125 0.0171875 0.0296875
0 0.31328125 0.24609375 0.009375 0.01953125
0 0.36640625 0.2375 0.009375 0.01640625
0 0.37734375 0.16015625 0.009375 0.01484375
0 0.40625 0.15625 0.0078125 0.01484375
0 0.51640625 0.184375 0.009375 0.0203125
0 0.51328125 0.21171875 0.009375 0.01953125
0 0.68125 0.27578125 0.01171875 0.0234375
0 0.796875 0.2890625 0.00625 0.01796875
0 0.815625 0.2671875 0.01171875 0.01953125
0 0.81875 0.36171875 0.01171875 0.0265625
0 0.8734375 0.35625 0.00859375 0.0265625
0 0.86328125 0.384375 0.01015625 0.0203125
0 0.62578125 0.546875 0.01953125 0.03828125