0 0.378125 0.1578125 0.00703125 0.01640625
0 0.4046875 0.15859375 0.00625 0.0140625
0 0.3359375 0.2015625 0.01171875 0.01796875
0 0.29375 0.23515625 0.01171875 0.01953125
0 0.52890625 0.1765625 0.00625 0.01640625
0 0.53359375 0.2 0.0078125 0.0125
0 0.43515625 0.3015625 0.0109375 0.02265625
0 0.625 0.490625 0.01328125 0.03203125
0 0.65078125 0.3671875 0.01640625 0.02890625
0 0.67890625 0.36953125 0.0140625 0.03203125
0 0.6625 0.24375 0.009375 0.02109375
0 0.71640625 0.24140625 0.01171875 0.01953125
0 0.73125 0.22578125 0.0109375 0.0171875
0 0.84375 0.40078125 0.0125 0.03203125
0 0.72265625 0.58046875 0.01875 0.03828125