0 0.26875 0.21875 0.0078125 0.01640625
0 0.32578125 0.22734375 0.00625 0.0125
0 0.38046875 0.16015625 0.00546875 0.0171875
0 0.4078125 0.1578125 0.00703125 0.0125
0 0.50703125 0.18046875 0.00625 0.01953125
0 0.5328125 0.20390625 0.00625 0.0125
0 0.4140625 0.32109375 0.01484375 0.02890625
0 0.6234375 0.3890625 0.01328125 0.03203125
0 0.63671875 0.3890625 0.015625 0.02578125
0 0.6015625 0.4796875 0.0140625 0.028125
0 0.76484375 0.33515625 0.01015625 0.0203125
0 0.7890625 0.3640625 0.01171875 0.02578125
0 0.80390625 0.28515625 0.00859375 0.01953125
0 0.78203125 0.27421875 0.00859375 0.01796875
0 0.7765625 0.25234375 0.009375 0.0203125