0 0.98671875 0.37734375 0.0078125 0.0265625
0 0.9671875 0.475 0.01171875 0.025
0 0.9328125 0.56640625 0.01640625 0.03359375
0 0.9046875 0.42578125 0.01328125 0.0234375
0 0.55234375 0.74453125 0.03125 0.05546875
0 0.7953125 0.2890625 0.009375 0.02265625
0 0.73203125 0.28984375 0.0125 0.02265625
0 0.334375 0.3265625 0.0140625 0.02890625
0 0.3234375 0.24453125 0.00625 0.01484375
0 0.30625 0.21015625 0.00859375 0.0171875
0 0.37890625 0.159375 0.00625 0.01171875
0 0.40625 0.15703125 0.009375 0.01484375
0 0.48984375 0.1734375 0.00859375 0.01640625
0 0.55078125 0.1984375 0.00703125 0.01640625