0 0.378125 0.16015625 0.00703125 0.015625
0 0.40703125 0.159375 0.00546875 0.0125
0 0.32578125 0.20390625 0.0078125 0.0125
0 0.33671875 0.23125 0.00703125 0.01171875
0 0.32265625 0.3046875 0.009375 0.0140625
0 0.49609375 0.1875 0.00625 0.01171875
0 0.52109375 0.20078125 0.00859375 0.0125
0 0.6515625 0.2703125 0.0125 0.02578125
0 0.796875 0.28984375 0.00625 0.01484375
0 0.8640625 0.29140625 0.0109375 0.02265625
0 0.77578125 0.37734375 0.01171875 0.034375
0 0.75234375 0.4171875 0.01484375 0.0328125
0 0.9078125 0.42734375 0.01171875 0.0234375
0 0.62421875 0.68515625 0.02421875 0.04609375