0 0.31015625 0.19765625 0.0078125 0.01484375
0 0.2890625 0.24921875 0.00625 0.01484375
0 0.4 0.290625 0.01171875 0.02578125
0 0.484375 0.2578125 0.0078125 0.0171875
0 0.490625 0.20390625 0.0078125 0.0171875
0 0.40625 0.16015625 0.00625 0.01328125
0 0.38046875 0.16015625 0.0078125 0.01484375
0 0.6765625 0.21328125 0.01015625 0.01640625
0 0.6953125 0.21015625 0.00859375 0.01953125
0 0.70703125 0.3765625 0.0140625 0.03515625
0 0.81171875 0.4328125 0.0125 0.0296875
0 0.840625 0.425 0.0125 0.02890625
0 0.92734375 0.4890625 0.01015625 0.03125
0 0.7390625 0.77890625 0.02109375 0.053125
0 0.62578125 0.78984375 0.021875 0.0515625