0 0.38046875 0.159375 0.00703125 0.01484375
0 0.4046875 0.1609375 0.00625 0.0125
0 0.48984375 0.20078125 0.0078125 0.01484375
0 0.4828125 0.25703125 0.009375 0.0140625
0 0.40078125 0.28828125 0.0125 0.02578125
0 0.28984375 0.24921875 0.0109375 0.01484375
0 0.30859375 0.1984375 0.009375 0.0203125
0 0.6765625 0.2109375 0.009375 0.01640625
0 0.6953125 0.2109375 0.009375 0.01796875
0 0.70859375 0.37734375 0.0140625 0.034375
0 0.809375 0.42734375 0.01484375 0.028125
0 0.8421875 0.4234375 0.01171875 0.02890625
0 0.93125 0.49375 0.009375 0.0328125
0 0.73671875 0.7796875 0.02109375 0.0484375
0 0.62421875 0.79140625 0.02265625 0.05234375