0 0.9609375 0.34296875 0.0078125 0.025
0 0.9296875 0.49609375 0.015625 0.03359375
0 0.8234375 0.45625 0.01640625 0.03203125
0 0.8359375 0.35703125 0.00859375 0.025
0 0.79453125 0.28984375 0.0078125 0.01796875
0 0.70859375 0.275 0.0125 0.025
0 0.5578125 0.540625 0.015625 0.03359375
0 0.425 0.29609375 0.01328125 0.021875
0 0.5078125 0.203125 0.00625 0.0109375
0 0.453125 0.18359375 0.00703125 0.0140625
0 0.40390625 0.15703125 0.00546875 0.0125
0 0.378125 0.1609375 0.00625 0.0140625
0 0.2828125 0.2078125 0.00703125 0.01171875
0 0.26328125 0.29140625 0.00703125 0.01171875