0 0.3203125 0.23125 0.01015625 0.0234375
0 0.365625 0.20703125 0.0078125 0.0140625
0 0.38046875 0.16875 0.00625 0.01484375
0 0.4046875 0.159375 0.00703125 0.0140625
0 0.521875 0.19609375 0.00859375 0.01640625
0 0.52734375 0.21171875 0.00859375 0.009375
0 0.39375 0.30625 0.01171875 0.0265625
0 0.66015625 0.2453125 0.0109375 0.02265625
0 0.79375 0.29140625 0.00859375 0.01796875
0 0.909375 0.4671875 0.0140625 0.0265625
0 0.5546875 0.8625 0.03671875 0.0515625
0 0.9296875 0.5703125 0.01484375 0.034375
0 0.95625 0.46015625 0.01171875 0.0265625