0 0.259375 0.3453125 0.01484375 0.0265625
0 0.52109375 0.715625 0.021875 0.0515625
0 0.8625 0.42578125 0.01171875 0.03203125
0 0.978125 0.49765625 0.01015625 0.03203125
0 0.95234375 0.5984375 0.0171875 0.04140625
0 0.79375 0.28984375 0.00703125 0.01796875
0 0.71875 0.265625 0.01171875 0.028125
0 0.27578125 0.23984375 0.00703125 0.01328125
0 0.32578125 0.2015625 0.00546875 0.01640625
0 0.38046875 0.16953125 0.00625 0.01328125
0 0.4015625 0.15625 0.00546875 0.01328125
0 0.503125 0.2453125 0.0078125 0.01875
0 0.5421875 0.18046875 0.00625 0.01328125