0 0.2671875 0.22578125 0.00625 0.0171875
0 0.34375 0.2421875 0.0078125 0.01640625
0 0.37890625 0.159375 0.00703125 0.0140625
0 0.4078125 0.16171875 0.0046875 0.01796875
0 0.48359375 0.18828125 0.00703125 0.01484375
0 0.51171875 0.20703125 0.00625 0.01953125
0 0.6546875 0.2546875 0.01171875 0.02265625
0 0.7890625 0.26171875 0.009375 0.01953125
0 0.7953125 0.28828125 0.0125 0.0203125
0 0.75390625 0.35 0.0140625 0.02890625
0 0.8234375 0.33671875 0.009375 0.02109375
0 0.8421875 0.32734375 0.0078125 0.0203125
0 0.61875 0.5390625 0.01953125 0.03515625
0 0.465625 0.4265625 0.01484375 0.03515625
0 0.3921875 0.31015625 0.01171875 0.02578125