0 0.1203125 0.67265625 0.021875 0.0484375
0 0.5890625 0.49140625 0.0140625 0.03203125
0 0.38125 0.32578125 0.00859375 0.02109375
0 0.3921875 0.29296875 0.009375 0.01640625
0 0.27578125 0.24921875 0.009375 0.01796875
0 0.37734375 0.16328125 0.00625 0.01796875
0 0.4078125 0.159375 0.00703125 0.0125
0 0.5140625 0.1828125 0.00859375 0.01953125
0 0.5890625 0.22578125 0.0109375 0.02265625
0 0.6484375 0.2546875 0.01171875 0.0265625
0 0.7953125 0.28828125 0.00703125 0.01953125
0 0.80390625 0.28671875 0.009375 0.01796875
0 0.8734375 0.35390625 0.009375 0.028125
0 0.8640625 0.3890625 0.0109375 0.02265625
0 0.9375 0.43515625 0.01171875 0.028125