0 0.25625 0.3 0.00703125 0.01484375
0 0.34140625 0.19375 0.009375 0.0140625
0 0.37734375 0.15859375 0.0078125 0.01640625
0 0.40859375 0.16640625 0.009375 0.0171875
0 0.515625 0.2078125 0.009375 0.0203125
0 0.50390625 0.31640625 0.0109375 0.02890625
0 0.7375 0.27734375 0.01015625 0.02421875
0 0.79609375 0.29140625 0.0078125 0.0171875
0 0.8046875 0.34765625 0.0078125 0.02265625
0 0.921875 0.3265625 0.009375 0.02109375
0 0.77890625 0.4296875 0.01328125 0.03671875
0 0.96640625 0.475 0.00859375 0.0265625
0 0.55234375 0.74140625 0.0296875 0.0515625